C:\Users\admin\Desktop\NTUVFX\proj2\image\view\1.jpg
1478 1108

2 0 553.5 
0 2 738.5 
0 0 1 

0.985878 0.00422287 0.167414 
-0.0041633 0.999991 -0.000706973 
-0.167415 -2.88552e-008 0.985887 

580.24

C:\Users\admin\Desktop\NTUVFX\proj2\image\view\2.jpg
1478 1108

2 0 553.5 
0 2 738.5 
0 0 1 

0.980382 0.100447 0.169591 
0.000557812 0.858988 -0.511996 
-0.197106 0.502046 0.84208 

581.448

C:\Users\admin\Desktop\NTUVFX\proj2\image\view\3.jpg
1478 1108

2 0 553.5 
0 2 738.5 
0 0 1 

0.9817 0.13144 0.1378 
0.00848582 0.692697 -0.721179 
-0.190246 0.709151 0.678905 

585.568

C:\Users\admin\Desktop\NTUVFX\proj2\image\view\4.jpg
1478 1108

2 0 553.5 
0 2 738.5 
0 0 1 

0.983318 0.177878 0.0380092 
-0.00691465 0.245368 -0.969405 
-0.181762 0.952971 0.242505 

584.905

C:\Users\admin\Desktop\NTUVFX\proj2\image\view\0.jpg
1478 1108

2 0 553.5 
0 2 738.5 
0 0 1 

0.980595 -0.100938 0.168062 
-0.000581205 0.855765 0.517364 
-0.196043 -0.507423 0.839101 

580.354

