C:\Users\admin\Desktop\NTUVFX\proj2\image\view\1.jpg
1478 1108

2 0 553.5 
0 2 738.5 
0 0 1 

0.985335 0.00717991 0.170477 
-0.00707479 0.999974 -0.001224 
-0.170482 -1.27746e-008 0.985361 

583.653

C:\Users\admin\Desktop\NTUVFX\proj2\image\view\2.jpg
1478 1108

2 0 553.5 
0 2 738.5 
0 0 1 

0.979531 0.101316 0.173935 
0.00180552 0.859639 -0.510899 
-0.201284 0.500756 0.84186 

584.157

C:\Users\admin\Desktop\NTUVFX\proj2\image\view\3.jpg
1478 1108

2 0 553.5 
0 2 738.5 
0 0 1 

0.980809 0.134071 0.141555 
0.00896529 0.694259 -0.71967 
-0.194762 0.707128 0.679734 

588.026

C:\Users\admin\Desktop\NTUVFX\proj2\image\view\4.jpg
1478 1108

2 0 553.5 
0 2 738.5 
0 0 1 

0.982731 0.180308 0.0415675 
-0.0047218 0.249007 -0.96849 
-0.184977 0.951569 0.245559 

588.074

C:\Users\admin\Desktop\NTUVFX\proj2\image\view\5.jpg
1478 1108

2 0 553.5 
0 2 738.5 
0 0 1 

0.984385 0.173058 -0.0321997 
-0.00283263 -0.167326 -0.985897 
-0.176005 0.970594 -0.164223 

583.823

C:\Users\admin\Desktop\NTUVFX\proj2\image\view\0.jpg
1478 1108
2 0 553.5 
0 2 738.5 
0 0 1 

0 0 0 
0 0 0 
0 0 0 

0

