C:\Users\admin\Desktop\NTUVFX\proj2\image\view2\1.JPG
4032 3024

4 0 1511.5 
0 4 2015.5 
0 0 1 

0.985549 0.00896153 0.169155 
-0.00883238 0.99996 -0.00151595 
-0.169162 2.9491e-011 0.985588 

847.211

C:\Users\admin\Desktop\NTUVFX\proj2\image\view2\2.JPG
4032 3024
4 0 1511.5 
0 4 2015.5 
0 0 1 

0 0 0 
0 0 0 
0 0 0 

0

C:\Users\admin\Desktop\NTUVFX\proj2\image\view2\3.JPG
4032 3024

4 0 1511.5 
0 4 2015.5 
0 0 1 

0.980973 0.126118 0.147597 
0.0112765 0.721958 -0.691845 
-0.193813 0.680346 0.7068 

846.996

C:\Users\admin\Desktop\NTUVFX\proj2\image\view2\4.JPG
4032 3024
4 0 1511.5 
0 4 2015.5 
0 0 1 

0 0 0 
0 0 0 
0 0 0 

0

C:\Users\admin\Desktop\NTUVFX\proj2\image\view2\5.JPG
4032 3024

4 0 1511.5 
0 4 2015.5 
0 0 1 

0.984202 0.17551 -0.0232943 
-0.00781905 -0.0883537 -0.996058 
-0.176876 0.980505 -0.0855857 

839.222

C:\Users\admin\Desktop\NTUVFX\proj2\image\view2\0.JPG
4032 3024
4 0 1511.5 
0 4 2015.5 
0 0 1 

0 0 0 
0 0 0 
0 0 0 

0

